# Matter power spectrum P(k) at redshift z=0
# for k=1.05911e-05 to 1.12045 h/Mpc,
# number of wavenumbers equal to 606
#    1:k (h/Mpc)              2:P (Mpc/h)^3        
       1.059114485422e-05       4.496186053249e+01 
       2.344061911149e-05       9.687635928194e+01 
       3.633550392531e-05       1.479871068360e+02 
       4.931032561839e-05       1.988292805779e+02 
       6.240018270104e-05       2.497197200167e+02 
       7.564105731338e-05       3.009030519283e+02 
       8.907013663088e-05       3.525923058868e+02 
       1.027261484871e-04       4.049863902474e+02 
       1.166497154996e-04       4.582786025197e+02 
       1.308837320195e-04       5.126619920676e+02 
       1.454737682293e-04       5.683329381828e+02 
       1.604685056592e-04       6.254939421586e+02 
       1.759202082144e-04       6.843558676700e+02 
       1.918852324494e-04       7.451398969623e+02 
       2.084245801802e-04       8.080794575218e+02 
       2.256044954770e-04       8.734215844734e+02 
       2.434971064566e-04       9.414287083734e+02 
       2.621811098821e-04       1.012379860591e+03 
       2.817424931177e-04       1.086572075611e+03 
       3.022752831525e-04       1.164321330951e+03 
       3.238823058286e-04       1.245963483328e+03 
       3.466759297011e-04       1.331854760300e+03 
       3.707787577331e-04       1.422371969004e+03 
       3.963242160520e-04       1.517912333660e+03 
       4.234569722587e-04       1.618892590503e+03 
       4.523330967919e-04       1.725747310741e+03 
       4.831198608979e-04       1.838926962561e+03 
       5.159950462657e-04       1.958894131862e+03 
       5.511456283267e-04       2.086118936461e+03 
       5.887656932241e-04       2.221073003209e+03 
       6.290534647064e-04       2.364221256309e+03 
       6.722073594668e-04       2.516011794887e+03 
       7.184210641595e-04       2.676863494192e+03 
       7.678777365501e-04       2.847151366498e+03 
       8.207435710225e-04       3.027189673357e+03 
       8.771611178961e-04       3.217213913919e+03 
       9.372428781469e-04       3.417363015386e+03 
       1.001065774362e-03       3.627662952089e+03 
       1.068667091672e-03       3.848013525802e+03 
       1.140042370721e-03       4.078182542492e+03 
       1.215145526228e-03       4.317803826828e+03 
       1.293891195682e-03       4.566385781851e+03 
       1.376159049707e-03       4.823305098831e+03 
       1.461799576933e-03       5.087864501668e+03 
       1.550640733661e-03       5.359315793730e+03 
       1.642494835024e-03       5.636848140334e+03 
       1.737165144276e-03       5.919629946615e+03 
       1.834451756115e-03       6.206830422628e+03 
       1.934156529669e-03       6.497636984711e+03 
       2.036086974954e-03       6.791268983993e+03 
       2.140059113374e-03       7.086989945883e+03 
       2.245899411378e-03       7.384113699125e+03 
       2.353445928892e-03       7.682008110352e+03 
       2.462548838136e-03       7.980096830672e+03 
       2.573070462919e-03       8.277858709343e+03 
       2.684884971552e-03       8.574825433035e+03 
       2.797877834574e-03       8.870579253754e+03 
       2.911945135717e-03       9.164748700453e+03 
       3.026992803539e-03       9.457005575943e+03 
       3.142935813172e-03       9.747062050915e+03 
       3.259697392874e-03       1.003466430733e+04 
       3.377208258668e-03       1.031959149339e+04 
       3.495405891596e-03       1.060165129563e+04 
       3.614233865782e-03       1.088067784200e+04 
       3.733641230960e-03       1.115652779728e+04 
       3.853581950013e-03       1.142907791289e+04 
       3.974014390026e-03       1.169822499556e+04 
       4.094900864061e-03       1.196387966786e+04 
       4.216207220163e-03       1.222597085835e+04 
       4.337902473746e-03       1.248443603589e+04 
       4.459958479428e-03       1.273922743280e+04 
       4.582349638499e-03       1.299030657571e+04 
       4.705052638341e-03       1.323764199429e+04 
       4.828046220442e-03       1.348121487040e+04 
       4.951310973866e-03       1.372100732860e+04 
       5.074829151357e-03       1.395701330364e+04 
       5.198584505536e-03       1.418922754771e+04 
       5.322562142900e-03       1.441764977974e+04 
       5.446748393601e-03       1.464229136787e+04 
       5.571130695202e-03       1.486314362375e+04 
       5.695697488796e-03       1.508025001770e+04 
       5.820438126098e-03       1.529358703800e+04 
       5.945342786247e-03       1.550321073067e+04 
       6.070402401222e-03       1.570912133716e+04 
       6.195608588902e-03       1.591133887662e+04 
       6.320953592920e-03       1.610988169163e+04 
       6.446430228546e-03       1.630478758316e+04 
       6.572031833940e-03       1.649610780279e+04 
       6.697752226192e-03       1.668377741592e+04 
       6.823585661627e-03       1.686797858804e+04 
       6.949526799911e-03       1.704865734999e+04 
       7.075570671568e-03       1.722581814028e+04 
       7.201712648534e-03       1.739944795772e+04 
       7.327948417447e-03       1.756971063559e+04 
       7.454273955376e-03       1.773655268790e+04 
       7.580685507749e-03       1.790006283299e+04 
       7.707179568259e-03       1.806021981492e+04 
       7.833752860542e-03       1.821710780417e+04 
       7.960402321464e-03       1.837069760102e+04 
       8.087125085847e-03       1.852100633350e+04 
       8.213918472505e-03       1.866814153701e+04 
       8.340779971461e-03       1.881212518796e+04 
       8.467707232229e-03       1.895298873375e+04 
       8.594698053071e-03       1.909074552926e+04 
       8.721750371132e-03       1.922535783757e+04 
       8.848862253371e-03       1.935698830785e+04 
       8.976031888224e-03       1.948560177963e+04 
       9.103257577924e-03       1.961125086444e+04 
       9.230537731428e-03       1.973395434615e+04 
       9.357870857897e-03       1.985374409731e+04 
       9.485255560668e-03       1.997071487972e+04 
       9.612690531702e-03       2.008480278556e+04 
       9.740174546437e-03       2.019605998247e+04 
       9.867706459043e-03       2.030452329435e+04 
       9.995285198013e-03       2.041027247749e+04 
       1.012290976210e-02       2.051322695772e+04 
       1.025057921653e-02       2.061352612293e+04 
       1.037829268950e-02       2.071117646966e+04 
       1.050604936896e-02       2.080618705208e+04 
       1.063384849955e-02       2.089862826643e+04 
       1.076168937984e-02       2.098848530281e+04 
       1.088957135971e-02       2.107579565606e+04 
       1.101749383795e-02       2.116057542736e+04 
       1.114545626000e-02       2.124289698764e+04 
       1.127345811586e-02       2.132274330952e+04 
       1.140149893817e-02       2.140017519453e+04 
       1.152957830037e-02       2.147521701695e+04 
       1.165769581505e-02       2.154786792501e+04 
       1.178585113237e-02       2.161820721373e+04 
       1.191404393861e-02       2.168616997938e+04 
       1.204227395483e-02       2.175187457229e+04 
       1.217054093559e-02       2.181531852279e+04 
       1.229884466778e-02       2.187650056299e+04 
       1.242718496956e-02       2.193553072597e+04 
       1.255556168934e-02       2.199230126398e+04 
       1.268397470482e-02       2.204695085215e+04 
       1.281242392215e-02       2.209946074708e+04 
       1.294090927513e-02       2.214986971897e+04 
       1.306943072441e-02       2.219820316028e+04 
       1.319798825687e-02       2.224447168832e+04 
       1.332658188495e-02       2.228871972071e+04 
       1.345521164607e-02       2.233094114314e+04 
       1.358387760206e-02       2.237124202278e+04 
       1.371257983874e-02       2.240947401006e+04 
       1.384131846537e-02       2.244581966685e+04 
       1.397009361434e-02       2.248025976562e+04 
       1.409890544069e-02       2.251281419728e+04 
       1.422775412188e-02       2.254350344384e+04 
       1.435663985737e-02       2.257238040898e+04 
       1.448556286847e-02       2.259940017612e+04 
       1.461452339799e-02       2.262456836493e+04 
       1.474352171009e-02       2.264803670754e+04 
       1.487255809009e-02       2.266971497491e+04 
       1.500163284429e-02       2.268969139351e+04 
       1.513074629988e-02       2.270800447047e+04 
       1.525989880478e-02       2.272453065497e+04 
       1.538909072762e-02       2.273944527180e+04 
       1.551832245763e-02       2.275271587531e+04 
       1.564759440464e-02       2.276437447221e+04 
       1.577690699906e-02       2.277444085722e+04 
       1.590626069188e-02       2.278291944758e+04 
       1.603565595469e-02       2.278981994079e+04 
       1.616509327975e-02       2.279526549026e+04 
       1.629457318005e-02       2.279907720655e+04 
       1.642409618939e-02       2.280145767986e+04 
       1.655366286249e-02       2.280235287697e+04 
       1.668327377513e-02       2.280179998507e+04 
       1.681292952425e-02       2.279979060064e+04 
       1.694263072815e-02       2.279646147850e+04 
       1.707237802666e-02       2.279158681625e+04 
       1.720217208132e-02       2.278543771835e+04 
       1.733201357558e-02       2.277785397986e+04 
       1.746190321507e-02       2.276904984287e+04 
       1.759184172781e-02       2.275881401876e+04 
       1.772182986448e-02       2.274733453115e+04 
       1.785186839869e-02       2.273455583977e+04 
       1.798195812731e-02       2.272051510007e+04 
       1.811209987073e-02       2.270528889988e+04 
       1.824229447323e-02       2.268873760249e+04 
       1.837254280327e-02       2.267103602950e+04 
       1.850284575394e-02       2.265217549765e+04 
       1.863320424326e-02       2.263210652470e+04 
       1.876361921458e-02       2.261092163638e+04 
       1.889409163706e-02       2.258850582928e+04 
       1.902462250601e-02       2.256507214372e+04 
       1.915521284339e-02       2.254045853391e+04 
       1.928586369829e-02       2.251488648373e+04 
       1.941657614736e-02       2.248814608599e+04 
       1.954735129533e-02       2.246036201613e+04 
       1.967819027556e-02       2.243154750470e+04 
       1.980909425055e-02       2.240174563039e+04 
       1.994006441249e-02       2.237102959767e+04 
       2.007110198386e-02       2.233916717882e+04 
       2.020220821803e-02       2.230640739706e+04 
       2.033338439983e-02       2.227271286030e+04 
       2.046463184625e-02       2.223807197834e+04 
       2.059595190707e-02       2.220253322777e+04 
       2.072734596553e-02       2.216615125703e+04 
       2.085881543907e-02       2.212875937074e+04 
       2.099036178000e-02       2.209052384057e+04 
       2.112198647632e-02       2.205150768390e+04 
       2.125369105243e-02       2.201164892125e+04 
       2.138547706998e-02       2.197090533795e+04 
       2.151734612865e-02       2.192937476757e+04 
       2.164929986703e-02       2.188704842488e+04 
       2.178133996348e-02       2.184398374547e+04 
       2.191346813706e-02       2.180009149560e+04 
       2.204568614843e-02       2.175550635280e+04 
       2.217799580082e-02       2.171014381285e+04 
       2.231039894106e-02       2.166409980007e+04 
       2.244289746054e-02       2.161734542239e+04 
       2.257549329630e-02       2.156986602357e+04 
       2.270818843215e-02       2.152174948262e+04 
       2.284098489972e-02       2.147294263431e+04 
       2.297388477966e-02       2.142351621785e+04 
       2.310689020286e-02       2.137342749034e+04 
       2.324000335162e-02       2.132276679158e+04 
       2.337322646097e-02       2.127132878068e+04 
       2.350656181994e-02       2.121953112568e+04 
       2.364001177295e-02       2.116699652641e+04 
       2.377357872119e-02       2.111393029226e+04 
       2.390726512404e-02       2.106031722472e+04 
       2.404107350060e-02       2.100615954783e+04 
       2.417500643115e-02       2.095143535332e+04 
       2.430906655883e-02       2.089640701000e+04 
       2.444325659117e-02       2.084065875871e+04 
       2.457757930187e-02       2.078452722059e+04 
       2.471203753245e-02       2.072767489514e+04 
       2.484663419414e-02       2.067051015222e+04 
       2.498137226966e-02       2.061289588970e+04 
       2.511625481520e-02       2.055466805459e+04 
       2.525128496234e-02       2.049619325073e+04 
       2.538646592015e-02       2.043720997170e+04 
       2.552180097731e-02       2.037782668514e+04 
       2.565729350424e-02       2.031807794945e+04 
       2.579294695543e-02       2.025790431267e+04 
       2.592876487175e-02       2.019733584421e+04 
       2.606475088287e-02       2.013641171086e+04 
       2.620090870976e-02       2.007507340037e+04 
       2.633724216732e-02       2.001351453418e+04 
       2.647375516700e-02       1.995166404390e+04 
       2.661045171964e-02       1.988935749952e+04 
       2.674733593831e-02       1.982678914995e+04 
       2.688441204128e-02       1.976379219828e+04 
       2.702168435515e-02       1.970047007862e+04 
       2.715915731800e-02       1.963737609843e+04 
       2.729683548271e-02       1.957316366258e+04 
       2.743472352044e-02       1.950929062527e+04 
       2.757282622413e-02       1.944467741594e+04 
       2.771114851222e-02       1.938088762253e+04 
       2.784969543250e-02       1.931543235822e+04 
       2.798847216605e-02       1.925010871987e+04 
       2.812748403141e-02       1.918591720277e+04 
       2.826673648883e-02       1.912028795335e+04 
       2.840623514473e-02       1.905480658120e+04 
       2.854598575633e-02       1.898869493667e+04 
       2.868599423645e-02       1.892268026815e+04 
       2.882626665852e-02       1.885611864691e+04 
       2.896680926175e-02       1.879008489466e+04 
       2.910762845652e-02       1.872322680383e+04 
       2.924873083006e-02       1.865657034131e+04 
       2.939012315223e-02       1.858964946316e+04 
       2.953181238165e-02       1.852240664701e+04 
       2.967380567200e-02       1.845301812015e+04 
       2.981611037868e-02       1.838692536098e+04 
       2.995873406565e-02       1.832028768008e+04 
       3.010168451263e-02       1.825240734567e+04 
       3.024496972255e-02       1.818483369618e+04 
       3.038859792941e-02       1.811638076991e+04 
       3.053257760634e-02       1.804904710655e+04 
       3.067691747421e-02       1.798098322865e+04 
       3.082162651041e-02       1.791273805398e+04 
       3.096671395820e-02       1.784400331169e+04 
       3.111218933636e-02       1.777560051409e+04 
       3.125806244935e-02       1.770722105770e+04 
       3.140434339791e-02       1.763878130069e+04 
       3.155104259013e-02       1.757010832106e+04 
       3.169817075312e-02       1.750132705334e+04 
       3.184573894510e-02       1.743364413856e+04 
       3.199375856820e-02       1.736495211113e+04 
       3.214224138181e-02       1.729620566214e+04 
       3.229119951654e-02       1.722752891892e+04 
       3.244064548896e-02       1.715877028523e+04 
       3.259059221702e-02       1.709005632769e+04 
       3.274105303621e-02       1.702119153490e+04 
       3.289204171661e-02       1.695235348406e+04 
       3.304357248074e-02       1.688349735078e+04 
       3.319566002242e-02       1.681463990196e+04 
       3.334831952647e-02       1.674582870902e+04 
       3.350156668962e-02       1.667686729930e+04 
       3.365541774241e-02       1.660808490587e+04 
       3.380988947230e-02       1.653917999304e+04 
       3.396499924806e-02       1.647036329627e+04 
       3.412076504549e-02       1.640154047644e+04 
       3.427720547456e-02       1.633256959643e+04 
       3.443433980806e-02       1.626385074353e+04 
       3.459218801191e-02       1.619510657794e+04 
       3.475077077723e-02       1.612626117864e+04 
       3.491010955419e-02       1.605749622891e+04 
       3.507022658793e-02       1.598873514130e+04 
       3.523114495658e-02       1.592006935621e+04 
       3.539288861158e-02       1.585131431548e+04 
       3.555548242046e-02       1.578260792533e+04 
       3.571895221221e-02       1.571414083545e+04 
       3.588332482555e-02       1.564547476882e+04 
       3.604862816020e-02       1.557697918529e+04 
       3.621489123142e-02       1.550839313921e+04 
       3.638214422811e-02       1.543996640428e+04 
       3.655041857472e-02       1.537153985096e+04 
       3.671974699721e-02       1.530306018770e+04 
       3.689016359353e-02       1.523451377831e+04 
       3.706170390882e-02       1.516615510952e+04 
       3.723440501585e-02       1.509783418445e+04 
       3.740830560110e-02       1.502964846296e+04 
       3.758344605688e-02       1.496114347901e+04 
       3.775986858012e-02       1.489307913689e+04 
       3.793761727836e-02       1.482496225724e+04 
       3.811673828357e-02       1.475665003696e+04 
       3.829727987449e-02       1.468870416719e+04 
       3.847929260829e-02       1.462047747339e+04 
       3.866282946238e-02       1.455167665595e+04 
       3.884794598740e-02       1.448420130419e+04 
       3.903470047224e-02       1.441612812704e+04 
       3.922315412254e-02       1.434809296387e+04 
       3.941337125374e-02       1.428018808099e+04 
       3.960541950020e-02       1.421207261364e+04 
       3.979937004214e-02       1.414412211209e+04 
       3.999529785196e-02       1.407584024494e+04 
       4.019328196218e-02       1.400808061207e+04 
       4.039340575721e-02       1.393994369565e+04 
       4.059575729147e-02       1.387185260283e+04 
       4.080042963683e-02       1.380375545046e+04 
       4.100752126250e-02       1.373567638796e+04 
       4.121713645117e-02       1.366759789586e+04 
       4.142938575554e-02       1.359938608997e+04 
       4.164438649988e-02       1.353116648557e+04 
       4.186226333217e-02       1.346290237728e+04 
       4.208314883279e-02       1.339456316150e+04 
       4.230718418689e-02       1.332615833776e+04 
       4.253451992847e-02       1.325762642664e+04 
       4.276531676531e-02       1.318908912552e+04 
       4.299974649552e-02       1.312026635391e+04 
       4.323799302790e-02       1.305159561637e+04 
       4.348025352025e-02       1.298261232346e+04 
       4.372673965235e-02       1.291353459365e+04 
       4.397767905248e-02       1.284424431747e+04 
       4.423331690013e-02       1.277484136529e+04 
       4.449391773108e-02       1.270531774252e+04 
       4.475976747562e-02       1.263537004708e+04 
       4.503117576625e-02       1.256531080357e+04 
       4.530847855795e-02       1.249516136609e+04 
       4.559204111187e-02       1.242442282455e+04 
       4.588226140327e-02       1.235356502581e+04 
       4.617957402631e-02       1.228235247138e+04 
       4.648445468295e-02       1.221082682646e+04 
       4.679742536083e-02       1.213893577980e+04 
       4.711906032741e-02       1.206618720366e+04 
       4.744999309462e-02       1.199381331249e+04 
       4.779092454239e-02       1.192055129650e+04 
       4.814263243195e-02       1.184652171248e+04 
       4.850598259290e-02       1.177216595009e+04 
       4.888194213500e-02       1.169673522960e+04 
       4.927159512068e-02       1.162090614381e+04 
       4.967616124141e-02       1.154394198511e+04 
       5.009701817770e-02       1.146661709261e+04 
       5.053572849697e-02       1.138843688186e+04 
       5.099407216483e-02       1.130881966887e+04 
       5.147408602842e-02       1.122813143717e+04 
       5.197811198862e-02       1.114594180239e+04 
       5.250885602887e-02       1.106217546220e+04 
       5.306946082689e-02       1.097677413946e+04 
       5.366359534985e-02       1.088921430343e+04 
       5.429556560756e-02       1.079932074392e+04 
       5.497045154523e-02       1.070738967407e+04 
       5.569427571553e-02       1.061193302131e+04 
       5.647420946442e-02       1.051230631360e+04 
       5.731882102592e-02       1.040886032368e+04 
       5.823836541431e-02       1.029949205299e+04 
       5.924510505894e-02       1.018359842682e+04 
       6.035362698130e-02       1.005938918793e+04 
       6.158107785060e-02       9.924124878849e+03 
       6.294716101644e-02       9.774985144674e+03 
       6.447362385342e-02       9.607763585152e+03 
       6.618283516566e-02       9.417304696165e+03 
       6.809502145841e-02       9.197507302220e+03 
       7.022404217797e-02       8.941736612945e+03 
       7.257250259264e-02       8.644091255401e+03 
       7.512830523001e-02       8.301810105986e+03 
       7.786516319670e-02       7.917809729819e+03 
       8.074776155055e-02       7.500791199844e+03 
       8.373915851431e-02       7.065033441114e+03 
       8.680682489688e-02       6.627509902939e+03 
       8.992545281796e-02       6.205169359252e+03 
       9.307699297925e-02       5.812177600097e+03 
       9.624930878890e-02       5.458960304559e+03 
       9.943454770943e-02       5.151736925474e+03 
       1.026277521519e-01       4.891935325746e+03 
       1.058258398159e-01       4.677462915772e+03 
       1.090269123220e-01       4.502993086590e+03 
       1.122298071271e-01       4.361669713862e+03 
       1.154338147056e-01       4.244353483358e+03 
       1.186385028331e-01       4.142408408597e+03 
       1.218436084435e-01       4.047171538012e+03 
       1.250489714497e-01       3.951008647509e+03 
       1.282544943841e-01       3.847874795659e+03 
       1.314601178350e-01       3.734267651551e+03 
       1.346658055153e-01       3.608811764294e+03 
       1.378715351918e-01       3.472193009257e+03 
       1.410772931778e-01       3.327066618516e+03 
       1.442830709879e-01       3.177558381124e+03 
       1.474888633077e-01       3.027973060814e+03 
       1.506946667600e-01       2.882680193958e+03 
       1.539004791548e-01       2.746357366752e+03 
       1.571062990337e-01       2.621323882035e+03 
       1.603121253919e-01       2.510154765086e+03 
       1.635179575090e-01       2.413510699498e+03 
       1.667237948455e-01       2.331147840289e+03 
       1.699296369788e-01       2.261845368790e+03 
       1.731354835644e-01       2.203703253690e+03 
       1.763413343114e-01       2.154212988903e+03 
       1.795471889667e-01       2.110724822563e+03 
       1.827530473060e-01       2.070454479580e+03 
       1.859589091268e-01       2.031378737956e+03 
       1.891647742442e-01       1.990824487007e+03 
       1.923706424882e-01       1.947266873190e+03 
       1.955765137015e-01       1.899716507692e+03 
       1.987823877379e-01       1.848087917674e+03 
       2.019882644611e-01       1.792911849826e+03 
       2.051941437436e-01       1.735273493629e+03 
       2.084000254661e-01       1.676519371454e+03 
       2.116059095167e-01       1.618202264348e+03 
       2.148117957902e-01       1.561584975824e+03 
       2.180176841878e-01       1.507896150874e+03 
       2.212235746164e-01       1.458033517139e+03 
       2.244294669884e-01       1.412523692026e+03 
       2.276353612211e-01       1.371633791633e+03 
       2.308412572364e-01       1.335356581042e+03 
       2.340471549605e-01       1.303350475039e+03 
       2.372530543238e-01       1.275069501871e+03 
       2.404589552601e-01       1.249756088137e+03 
       2.436648577071e-01       1.226608738643e+03 
       2.468707616054e-01       1.204709177118e+03 
       2.500766668990e-01       1.183124928993e+03 
       2.532825735344e-01       1.161377764609e+03 
       2.564884814612e-01       1.138864374680e+03 
       2.596943906310e-01       1.115393525753e+03 
       2.629003009983e-01       1.090882316679e+03 
       2.661062125194e-01       1.065368557395e+03 
       2.693121251530e-01       1.039223209637e+03 
       2.725180388594e-01       1.012732617613e+03 
       2.757239536012e-01       9.862419752422e+02 
       2.789298693423e-01       9.602574110525e+02 
       2.821357860486e-01       9.352741468511e+02 
       2.853417036872e-01       9.115336521123e+02 
       2.885476222270e-01       8.893780635945e+02 
       2.917535416381e-01       8.689008611685e+02 
       2.949594618920e-01       8.500088538074e+02 
       2.981653829612e-01       8.326608120370e+02 
       3.013713048196e-01       8.166689863391e+02 
       3.045772274423e-01       8.017714238491e+02 
       3.077831508051e-01       7.877119570414e+02 
       3.109890748851e-01       7.741984035069e+02 
       3.141949996602e-01       7.611558781196e+02 
       3.174009251093e-01       7.481496400032e+02 
       3.206068512120e-01       7.351384366282e+02 
       3.238127779488e-01       7.219149811170e+02 
       3.270187053009e-01       7.085041574553e+02 
       3.302246332505e-01       6.948751721449e+02 
       3.334305617800e-01       6.811138728864e+02 
       3.366364908730e-01       6.673349669726e+02 
       3.398424205134e-01       6.536785001955e+02 
       3.430483506857e-01       6.402485009221e+02 
       3.462542813751e-01       6.271321881106e+02 
       3.494602125674e-01       6.145493422800e+02 
       3.526661442487e-01       6.024379039234e+02 
       3.558720764058e-01       5.908913190290e+02 
       3.590780090258e-01       5.799797236046e+02 
       3.622839420965e-01       5.696452596242e+02 
       3.654898756059e-01       5.598429080996e+02 
       3.686958095425e-01       5.505114172944e+02 
       3.719017438952e-01       5.416179591680e+02 
       3.751076786534e-01       5.329908678793e+02 
       3.783136138066e-01       5.245795853661e+02 
       3.815195493449e-01       5.162943409578e+02 
       3.847254852585e-01       5.081142917277e+02 
       3.879314215383e-01       4.999746575529e+02 
       3.911373581750e-01       4.918781356928e+02 
       3.943432951600e-01       4.838081495770e+02 
       3.975492324848e-01       4.757676620333e+02 
       4.007551701412e-01       4.678013550739e+02 
       4.039611081213e-01       4.599188132356e+02 
       4.071670464175e-01       4.521304051579e+02 
       4.103729850222e-01       4.444894729116e+02 
       4.135789239283e-01       4.370535292503e+02 
       4.167848631288e-01       4.298670891969e+02 
       4.199908026169e-01       4.228649251137e+02 
       4.231967423861e-01       4.161249628289e+02 
       4.264026824301e-01       4.095798590138e+02 
       4.296086227425e-01       4.032632339351e+02 
       4.328145633175e-01       3.971417573809e+02 
       4.360205041492e-01       3.912612598580e+02 
       4.392264452320e-01       3.855168664683e+02 
       4.424323865605e-01       3.799215482772e+02 
       4.456383281292e-01       3.744570221587e+02 
       4.488442699330e-01       3.690901415081e+02 
       4.520502119670e-01       3.638265236057e+02 
       4.552561542261e-01       3.586045023588e+02 
       4.584620967058e-01       3.534242594574e+02 
       4.616680394013e-01       3.483370577140e+02 
       4.648739823082e-01       3.432799152844e+02 
       4.680799254222e-01       3.383164075529e+02 
       4.712858687390e-01       3.334089421643e+02 
       4.744918122544e-01       3.285733951175e+02 
       4.776977559645e-01       3.238096583297e+02 
       4.809036998653e-01       3.191506241264e+02 
       4.841096439531e-01       3.146037342139e+02 
       4.873155882241e-01       3.101643966449e+02 
       4.905215326748e-01       3.058413846040e+02 
       4.937274773016e-01       3.016355757327e+02 
       4.969334221012e-01       2.975425700266e+02 
       5.001393670701e-01       2.935479051425e+02 
       5.033453122051e-01       2.896452418318e+02 
       5.065512575031e-01       2.858276329110e+02 
       5.097572029610e-01       2.820846262428e+02 
       5.129631485758e-01       2.784096251381e+02 
       5.161690943445e-01       2.747984044370e+02 
       5.193750402644e-01       2.712415375629e+02 
       5.225809863325e-01       2.677411752882e+02 
       5.257869325462e-01       2.642834329416e+02 
       5.289928789028e-01       2.608707367801e+02 
       5.321988253997e-01       2.575030862922e+02 
       5.354047720344e-01       2.541842817667e+02 
       5.386107188045e-01       2.509148230311e+02 
       5.418166657075e-01       2.477114532392e+02 
       5.450226127411e-01       2.445642921737e+02 
       5.482285599029e-01       2.414764912593e+02 
       5.514345071908e-01       2.384466682853e+02 
       5.546404546026e-01       2.354732351006e+02 
       5.578464021360e-01       2.325563844982e+02 
       5.610523497890e-01       2.296967405689e+02 
       5.642582975596e-01       2.268936786133e+02 
       5.674642454457e-01       2.241468609115e+02 
       5.706701934455e-01       2.214531982902e+02 
       5.738761415570e-01       2.188076300270e+02 
       5.770820897783e-01       2.162071025075e+02 
       5.802880381076e-01       2.136472229089e+02 
       5.834939865431e-01       2.111261926066e+02 
       5.866999350831e-01       2.086432416658e+02 
       5.899058837259e-01       2.061989431238e+02 
       5.931118324698e-01       2.037929646722e+02 
       5.963177813131e-01       2.014239413950e+02 
       5.995237302543e-01       1.990901454981e+02 
       6.027296792918e-01       1.967897749947e+02 
       6.059356284241e-01       1.945218050012e+02 
       6.091415776496e-01       1.922869105660e+02 
       6.123475269670e-01       1.900853885751e+02 
       6.155534763747e-01       1.879220575136e+02 
       6.187594258713e-01       1.857963359208e+02 
       6.219653754555e-01       1.837078147222e+02 
       6.251713251260e-01       1.816545566907e+02 
       6.283772748813e-01       1.796346603464e+02 
       6.315832247202e-01       1.776464851380e+02 
       6.347891746415e-01       1.756890894887e+02 
       6.379951246438e-01       1.737631935039e+02 
       6.412010747261e-01       1.718685757428e+02 
       6.444070248870e-01       1.700049192619e+02 
       6.476129751254e-01       1.681705661807e+02 
       6.508189254401e-01       1.663634189214e+02 
       6.540248758301e-01       1.645815619843e+02 
       6.572308262942e-01       1.628235102150e+02 
       6.604367768313e-01       1.610892150808e+02 
       6.636427274405e-01       1.593796242893e+02 
       6.668486781205e-01       1.576951306988e+02 
       6.700546288705e-01       1.560362060158e+02 
       6.732605796894e-01       1.544027977100e+02 
       6.764665305763e-01       1.527923805700e+02 
       6.796724815301e-01       1.512043308602e+02 
       6.828784325499e-01       1.496381507217e+02 
       6.860843836349e-01       1.480938114280e+02 
       6.892903347840e-01       1.465721570957e+02 
       6.924962859965e-01       1.450737996845e+02 
       6.957022372713e-01       1.435987291622e+02 
       6.989081886077e-01       1.421460509759e+02 
       7.021141400048e-01       1.407145621999e+02 
       7.053200914618e-01       1.393025947513e+02 
       7.085260429779e-01       1.379094335455e+02 
       7.117319945523e-01       1.365349739835e+02 
       7.149379461841e-01       1.351795427611e+02 
       7.181438978726e-01       1.338436277956e+02 
       7.213498496171e-01       1.325269880671e+02 
       7.245558014168e-01       1.312288682720e+02 
       7.277617532710e-01       1.299480029621e+02 
       7.309677051789e-01       1.286835018939e+02 
       7.341736571399e-01       1.274348752561e+02 
       7.373796091532e-01       1.262019669058e+02 
       7.405855612183e-01       1.249861014116e+02 
       7.437915133343e-01       1.237869105317e+02 
       7.469974655007e-01       1.226047840357e+02 
       7.502034177168e-01       1.214391226717e+02 
       7.534093699819e-01       1.202889044312e+02 
       7.566153222955e-01       1.191528352269e+02 
       7.598212746570e-01       1.180312855579e+02 
       7.630272270656e-01       1.169241341628e+02 
       8.368979693641e-01       9.499223304048e+01 
       9.456591326651e-01       7.195397916863e+01 
       1.120454875172e+00       4.866899379427e+01 
